1) 752553
2) 347991
3) 420471
4) 317939
5) 125442
6) 9354
7) 963624
8) 130767
9) 281443
10) 977582
11) 318660
12) 167496
13) 971947
14) 826840
15) 310481
16) 2836
17) 968593
18) 822870
19) 206299
20) 965026
21) 276968
22) 829497
23) 788676
24) 367039
25) 63553
26) 695754
27) 145250
28) 354813
29) 513674
30) 569813
31) 589473
32) 871694
33) 811177
34) 200132
35) 251921
36) 885355
37) 607804
38) 317125
39) 27595
40) 556512
41) 363274
42) 61649
43) 295763
44) 157601
45) 222120
46) 236948
47) 778344
48) 51603
49) 207904
50) 357267
51) 893778
52) 302156
53) 229659
54) 343791
55) 769533
56) 994512
57) 282754
58) 656753
59) 296150
60) 213
61) 263424
62) 41749
63) 620789
64) 926678
65) 688362
66) 314841
67) 812866
68) 482465
69) 88247
70) 870250
71) 213276
72) 995271
73) 424483
74) 969824
75) 187191
76) 15464
77) 906347
78) 890852
79) 312178
80) 811527
81) 841814
82) 494602
83) 487056
84) 970735
85) 751265
86) 870503
87) 387020
88) 853344
89) 282222
90) 101782
91) 723332
92) 811310
93) 538747
94) 582127
95) 923662
96) 438647
97) 545571
98) 370358
99) 647334
100) 420514
101) 592755
102) 335650
103) 565165
104) 92650
105) 146807
106) 574271
107) 823098
108) 238619
109) 833077
110) 49792
111) 167278
112) 499614
113) 275892
114) 298237
115) 733230
116) 350055
117) 654599
118) 708879
119) 987104
120) 307384
121) 457148
122) 955325
123) 671567
124) 586196
125) 215264
126) 123372
127) 564234
128) 427252
129) 79228
130) 88289
131) 342511
132) 907131
133) 924145
134) 148699
135) 669280
136) 391814
137) 200581
138) 348206
139) 930171
140) 126413
141) 376066
142) 586949
143) 412115
144) 7618
145) 130586
146) 973568
147) 405009
148) 535430
149) 119794
150) 423097
151) 719756
152) 805870
153) 828843
154) 258123
155) 502987
156) 782973
157) 10617
158) 402213
159) 483696
160) 496202
161) 552764
162) 216110
163) 333407
164) 176595
165) 18059
166) 900616
167) 902553
168) 962528
169) 292630
170) 420399
171) 622545
172) 827648
173) 950644
174) 255339
175) 828269
176) 179076
177) 826039
178) 683737
179) 215076
180) 59386
181) 881119
182) 931822
183) 809222
184) 651800
185) 145259
186) 799757
187) 722190
188) 473950
189) 355466
190) 699736
191) 692929
192) 5421
193) 543090
194) 847421
195) 560883
196) 611471
197) 569142
198) 942462
199) 313387
200) 586167
201) 421450
202) 678772
203) 497033
204) 427427
205) 40638
206) 193805
207) 545416
208) 402113
209) 275571
210) 710741
211) 60498
212) 607952
213) 777531
214) 931151
215) 495645
216) 331552
217) 400579
218) 75945
219) 769316
220) 878053
221) 553563
222) 205648
223) 580917
224) 247016
225) 735910
226) 872504
227) 770538
228) 858698
229) 301834
230) 302690
231) 989289
232) 260329
233) 820898
234) 785241
235) 525081
236) 285489
237) 651266
238) 586163
239) 279986
240) 104920
241) 681553
242) 882615
243) 352361
244) 937832
245) 129111
246) 44902
247) 124321
248) 496034
249) 765522
250) 3850
251) 598037
252) 63701
253) 183306
254) 414048
255) 732713
256) 997831
257) 83949
258) 343546
259) 544096
260) 740773
261) 394692
262) 166751
263) 303606
264) 293643
265) 135331
266) 536033
267) 949572
268) 680810
269) 386964
270) 330448
271) 864405
272) 564720
273) 317520
274) 385687
275) 161599
276) 185937
277) 616332
278) 204997
279) 899391
280) 671129
281) 777996
282) 684506
283) 352016
284) 718960
285) 386538
286) 183062
287) 824521
288) 488739
289) 500761
290) 738963
291) 698695
292) 517241
293) 266517
294) 782644
295) 845636
296) 828624
297) 262614
298) 762366
299) 911941
300) 640181
301) 507848
302) 700919
303) 948720
304) 749857
305) 28129
306) 281664
307) 102296
308) 718366
309) 227186
310) 715113
311) 863457
312) 914873
313) 266700
314) 552929
315) 524869
316) 28853
317) 895656
318) 17939
319) 481309
320) 211632
321) 670793
322) 70352
323) 354549
324) 329532
325) 285184
326) 6261
327) 518999
328) 550953
329) 430323
330) 924372
331) 383313
332) 985371
333) 68468
334) 529038
335) 159951
336) 924478
337) 759678
338) 906228
339) 601373
340) 262547
341) 350176
342) 762145
343) 715511
344) 708941
345) 984842
346) 730725
347) 874992
348) 880131
349) 998133
350) 196868
351) 215975
352) 761815
353) 457616
354) 735351
355) 34180
356) 960598
357) 178886
358) 285566
359) 716159
360) 23511
361) 346695
362) 415088
363) 682813
364) 396878
365) 546345
366) 673503
367) 941614
368) 762126
369) 413915
370) 54216
371) 888634
372) 59682
373) 190479
374) 113880
375) 106624
376) 496035
377) 561824
378) 399642
379) 693497
380) 897518
381) 912394
382) 504757
383) 228932
384) 290475
385) 122490
386) 878490
387) 255692
388) 697438
389) 352397
390) 742620
391) 353041
392) 875187
393) 130393
394) 445503
395) 24634
396) 269245
397) 156194
398) 576971
399) 914683
400) 636921
401) 743773
402) 435908
403) 262303
404) 269785
405) 502598
406) 456815
407) 572728
408) 66912
409) 525228
410) 77711
411) 208552
412) 638227
413) 760584
414) 419371
415) 199910
416) 218343
417) 663404
418) 704686
419) 300475
420) 768583
421) 437645
422) 230450
423) 806813
424) 493649
425) 673625
426) 679042
427) 396696
428) 69691
429) 974082
430) 81032
431) 879675
432) 729850
433) 204651
434) 995494
435) 964380
436) 98759
437) 444088
438) 801265
439) 798545
440) 952907
441) 85630
442) 493430
443) 141880
444) 334392
445) 754848
446) 502712
447) 501594
448) 103682
449) 12723
450) 447341
451) 245018
452) 475098
453) 399761
454) 993988
455) 839388
456) 689921
457) 471163
458) 763301
459) 513919
460) 139208
461) 711029
462) 902175
463) 126584
464) 134770
465) 566425
466) 703894
467) 4209
468) 21745
469) 731908
470) 358371
471) 637318
472) 116841
473) 625008
474) 775890
475) 280013
476) 23951
477) 515498
478) 606305
479) 938955
480) 424162
481) 132840
482) 349844
483) 13417
484) 526875
485) 244218
486) 664986
487) 21633
488) 744391
489) 719001
490) 4406
491) 478715
492) 883088
493) 992231
494) 367137
495) 470455
496) 41144
497) 265998
498) 274312
499) 190771
500) 402431
501) 39781
502) 255483
503) 556630
504) 647530
505) 597768
506) 944551
507) 116256
508) 231788
509) 845441
510) 970083
511) 335084
512) 66174
513) 870575
514) 687878
515) 785192
516) 958968
517) 462797
518) 967077
519) 790570
520) 827205
521) 909233
522) 108374
523) 13170
524) 374058
525) 363171
526) 233261
527) 71388
528) 533184
529) 139786
530) 342289
531) 105920
532) 463822
533) 395637
534) 667979
535) 573471
536) 99285
537) 843155
538) 484333
539) 363236
540) 977707
541) 77311
542) 581820
543) 249855
544) 894914
545) 352595
546) 397746
547) 431544
548) 279656
549) 252370
550) 62847
551) 514801
552) 892401
553) 331734
554) 622778
555) 397840
556) 837091
557) 713646
558) 969781
559) 316154
560) 392672
561) 206321
562) 180956
563) 573118
564) 770121
565) 752529
566) 628494
567) 199023
568) 403776
569) 386848
570) 481723
571) 369539
572) 424974
573) 871042
574) 520957
575) 854587
576) 378837
577) 523906
578) 331419
579) 355772
580) 112970
581) 518502
582) 555407
583) 928582
584) 916754
585) 189526
586) 572790
587) 431722
588) 845749
589) 195674
590) 184319
591) 215727
592) 955373
593) 602339
594) 743539
595) 878062
596) 297175
597) 58058
598) 839714
599) 63292
600) 244943
601) 298003
602) 186901
603) 246508
604) 625468
605) 647582
606) 270999
607) 306019
608) 293189
609) 568563
610) 265109
611) 507274
612) 103551
613) 324468
614) 570779
615) 912319
616) 722808
617) 384076
618) 828935
619) 854113
620) 641059
621) 560002
622) 815223
623) 695190
624) 214036
625) 368282
626) 816459
627) 386601
628) 12068
629) 43962
630) 296092
631) 960442
632) 167589
633) 319029
634) 183799
635) 372216
636) 21160
637) 200371
638) 115520
639) 409481
640) 704491
641) 983848
642) 819230
643) 178478
644) 452547
645) 250877
646) 872808
647) 188342
648) 411838
649) 335137
650) 457560
651) 546431
652) 804423
653) 552434
654) 482123
655) 226065
656) 31967
657) 178021
658) 946586
659) 562261
660) 576485
661) 84822
662) 911954
663) 361676
664) 736802
665) 872504
666) 968776
667) 709975
668) 365497
669) 30395
670) 582752
671) 903904
672) 921841
673) 376128
674) 426013
675) 220735
676) 775325
677) 536032
678) 529366
679) 300430
680) 430625
681) 245491
682) 83629
683) 825155
684) 791915
685) 987950
686) 915862
687) 164335
688) 961011
689) 314837
690) 559090
691) 275732
692) 217645
693) 990593
694) 60084
695) 723279
696) 905632
697) 550690
698) 911225
699) 955052
700) 307266
701) 420138
702) 301445
703) 190199
704) 627733
705) 126000
706) 559919
707) 74355
708) 910376
709) 685992
710) 15068
711) 737024
712) 712039
713) 337889
714) 291811
715) 778459
716) 969142
717) 113863
718) 189017
719) 522278
720) 590150
721) 396555
722) 456367
723) 491087
724) 211347
725) 378820
726) 315727
727) 633603
728) 413592
729) 626427
730) 59754
731) 645662
732) 227045
733) 679028
734) 489394
735) 357749
736) 622059
737) 532216
738) 419950
739) 82946
740) 79210
741) 651751
742) 776266
743) 888824
744) 706548
745) 893266
746) 792215
747) 768477
748) 834084
749) 482900
750) 74654
751) 441120
752) 924635
753) 145911
754) 355737
755) 583160
756) 294056
757) 580232
758) 779427
759) 414898
760) 439312
761) 675444
762) 975973
763) 856517
764) 350856
765) 706560
766) 878686
767) 318899
768) 514950
769) 928406
770) 858802
771) 523058
772) 457189
773) 303630
774) 157
775) 818733
776) 957460
777) 375592
778) 150950
779) 892147
780) 308276
781) 464289
782) 751951
783) 550821
784) 19747
785) 618572
786) 252191
787) 840373
788) 571329
789) 455728
790) 771888
791) 416882
792) 51404
793) 657851
794) 885870
795) 272950
796) 645772
797) 231190
798) 255084
799) 497855
800) 878336
801) 188810
802) 312880
803) 803774
804) 585619
805) 163274
806) 74203
807) 791423
808) 779849
809) 213309
810) 903401
811) 928898
812) 864298
813) 641544
814) 739076
815) 961636
816) 919188
817) 298422
818) 276215
819) 454637
820) 910551
821) 3467
822) 69544
823) 75623
824) 417264
825) 881097
826) 599307
827) 87686
828) 635711
829) 565295
830) 201763
831) 774277
832) 453526
833) 268367
834) 844771
835) 223357
836) 905579
837) 735032
838) 853149
839) 289493
840) 619638
841) 3334
842) 834219
843) 676443
844) 587413
845) 115300
846) 821385
847) 659257
848) 961049
849) 692953
850) 375089
851) 933587
852) 412779
853) 320921
854) 368139
855) 739449
856) 302113
857) 731876
858) 255374
859) 325114
860) 414396
861) 991972
862) 952959
863) 757966
864) 357134
865) 315318
866) 918506
867) 197614
868) 168129
869) 417089
870) 21597
871) 444923
872) 975358
873) 14996
874) 577478
875) 571803
876) 861317
877) 325833
878) 140391
879) 122951
880) 425140
881) 340415
882) 695228
883) 107596
884) 51139
885) 69048
886) 770081
887) 460163
888) 337663
889) 645028
890) 857621
891) 582367
892) 836195
893) 913130
894) 178302
895) 119858
896) 547257
897) 848100
898) 965801
899) 413396
900) 208497
901) 597365
902) 336622
903) 852691
904) 763016
905) 846435
906) 763804
907) 826273
908) 769033
909) 612192
910) 282058
911) 402753
912) 394514
913) 259471
914) 561948
915) 790935
916) 926188
917) 376193
918) 782713
919) 516866
920) 659720
921) 913960
922) 585132
923) 15334
924) 281623
925) 851205
926) 127424
927) 305318
928) 608875
929) 60734
930) 177531
931) 742100
932) 211693
933) 106242
934) 490488
935) 146873
936) 953347
937) 232438
938) 234060
939) 624571
940) 554819
941) 423593
942) 390216
943) 478409
944) 551586
945) 908203
946) 724138
947) 278380
948) 651421
949) 730411
950) 201739
951) 794330
952) 587101
953) 403896
954) 150222
955) 679895
956) 982355
957) 719081
958) 817649
959) 36337
960) 958199
961) 166688
962) 178608
963) 576722
964) 614542
965) 678083
966) 786429
967) 319507
968) 206349
969) 56847
970) 513789
971) 345816
972) 689111
973) 202532
974) 380469
975) 780176
976) 141081
977) 964437
978) 262323
979) 788458
980) 796019
981) 969836
982) 340441
983) 260016
984) 551590
985) 231464
986) 425320
987) 666672
988) 273713
989) 201683
990) 691845
991) 454303
992) 273467
993) 928747
994) 16478
995) 710085
996) 925223
997) 206058
998) 901207
999) 333644
1000) 228463
